Mon Dec 16 23:26:14 2019
player
0 17
3800
20 20
2
0 0
0
1 3 1
5 1 0
8 1 4
7 1 18
1 3 1
6 2 0
5 2 5
7 2 6
0 4
0
3 3 16
3 3 13
3 3 7
3 3 2
1 3 1
7 4 0
8 4 9
7 4 15
1 2 1
8 5 4
6 5 10
0 4
1
6 2 0 4
3 6 14
3 6 11
3 6 6
3 6 1
1 3 1
8 7 0
8 7 10
5 7 12
1 3 1
7 8 0
8 8 3
5 8 18
0 4
1
9 6 0 4
3 9 16
3 9 11
3 9 5
3 9 0
1 2 1
5 10 4
6 10 8
1 3 1
5 11 5
7 11 12
5 11 18
0 4
0
3 12 16
3 12 11
3 12 6
3 12 1
1 2 0
5 13 14
6 13 9
1 3 0
6 14 13
7 14 8
5 14 1
1 3 0
5 15 13
8 15 11
8 15 1
0 4
0
3 16 14
3 16 10
3 16 7
3 16 2
1 3 1
6 17 3
6 17 8
8 17 14
1 3 1
6 18 1
7 18 2
6 18 10
1 3 1
8 19 0
7 19 4
8 19 19
