Tue Dec 17 10:04:38 2019
player
0 8
3800
20 20
2
0 0
0
1 3 1
5 1 4
6 1 9
5 1 12
1 3 1
7 2 6
5 2 10
6 2 17
0 4
0
3 3 18
3 3 13
3 3 7
3 3 4
1 3 0
6 4 15
6 4 11
5 4 2
1 2 0
7 5 12
6 5 2
0 4
0
3 6 17
3 6 12
3 6 6
3 6 2
1 3 1
6 7 6
5 7 9
5 7 11
1 3 1
7 8 2
8 8 4
6 8 10
0 4
0
3 9 16
3 9 10
3 9 7
3 9 2
1 3 0
5 10 17
8 10 9
7 10 6
1 3 0
8 11 16
5 11 12
7 11 4
0 4
1
12 9 1 4
3 12 18
3 12 14
3 12 8
3 12 2
1 3 1
7 13 1
8 13 5
7 13 12
1 3 1
7 14 4
6 14 8
5 14 10
0 4
1
15 11 1 4
3 15 17
3 15 14
3 15 9
3 15 5
1 3 1
8 16 0
6 16 2
5 16 9
1 3 1
6 17 1
7 17 10
6 17 16
0 4
0
3 18 15
3 18 12
3 18 6
3 18 0
1 3 1
8 19 6
5 19 12
6 19 15
