Tue Dec 17 10:31:54 2019
player
0 6
4400
20 20
2
0 0
0
1 3 1
7 1 1
5 1 6
8 1 13
1 3 1
7 2 4
5 2 8
7 2 17
1 2 1
5 3 8
5 3 17
0 4
1
4 11 1 4
3 4 18
3 4 15
3 4 9
3 4 5
1 2 0
6 5 10
6 5 2
1 2 0
6 6 16
8 6 6
1 3 0
8 7 18
5 7 12
8 7 5
0 3
0
3 8 14
3 8 8
3 8 3
1 3 1
7 9 3
7 9 12
8 9 17
1 3 1
7 10 1
7 10 11
7 10 15
1 3 1
5 11 2
6 11 5
7 11 14
0 5
0
3 12 17
3 12 14
3 12 8
3 12 4
3 12 1
1 3 0
8 13 18
6 13 12
7 13 4
1 2 0
6 14 15
8 14 5
1 2 0
7 15 16
7 15 7
0 5
1
16 11 1 6
3 16 16
3 16 12
3 16 7
3 16 3
3 16 0
1 3 0
6 17 14
6 17 5
5 17 3
1 3 0
6 18 16
6 18 6
8 18 0
0 3
0
3 19 14
3 19 9
3 19 3
