Wed Dec 11 14:33:44 2019
player
0 0
0
0
20 10
0 8
3 0 19
3 0 16
3 0 13
3 0 10
3 0 8
3 0 5
3 0 3
3 0 0
1 15
5 1 19
5 1 17
5 1 16
5 1 15
5 1 13
5 1 12
5 1 11
5 1 10
5 1 9
5 1 8
5 1 7
5 1 6
5 1 5
5 1 4
5 1 2
1 10
5 2 17
5 2 15
5 2 14
5 2 9
5 2 7
5 2 6
5 2 5
5 2 4
5 2 2
5 2 1
0 8
3 3 19
3 3 16
3 3 14
3 3 11
3 3 8
3 3 6
3 3 4
3 3 1
1 13
5 4 0
5 4 2
5 4 3
5 4 6
5 4 7
5 4 8
5 4 9
5 4 11
5 4 14
5 4 15
5 4 16
5 4 17
5 4 18
1 9
5 5 1
5 5 3
5 5 6
5 5 8
5 5 9
5 5 12
5 5 14
5 5 15
5 5 18
1 10
5 6 3
5 6 4
5 6 7
5 6 8
5 6 10
5 6 12
5 6 14
5 6 17
5 6 18
5 6 19
0 9
3 7 19
3 7 16
3 7 13
3 7 11
3 7 9
3 7 7
3 7 4
3 7 2
3 7 0
1 9
5 8 2
5 8 2
5 8 3
5 8 4
5 8 7
5 8 12
5 8 14
5 8 17
5 8 19
0 8
3 9 19
3 9 16
3 9 14
3 9 11
3 9 9
3 9 7
3 9 4
3 9 2
Wed Dec 11 14:35:16 2019
player
0 0
0
20 10
0 8
3 0 19
3 0 16
3 0 14
3 0 11
3 0 8
3 0 5
3 0 2
3 0 0
1 10
5 1 2
5 1 4
5 1 6
5 1 10
5 1 12
5 1 13
5 1 15
5 1 16
5 1 17
5 1 18
0 9
3 2 19
3 2 16
3 2 14
3 2 12
3 2 10
3 2 7
3 2 4
3 2 2
3 2 0
1 11
5 3 2
5 3 3
5 3 4
5 3 7
5 3 8
5 3 9
5 3 12
5 3 14
5 3 16
5 3 17
5 3 18
0 8
3 4 19
3 4 16
3 4 14
3 4 11
3 4 8
3 4 6
3 4 4
3 4 1
1 9
5 5 1
5 5 1
5 5 3
5 5 7
5 5 12
5 5 13
5 5 15
5 5 16
5 5 17
1 9
5 6 1
5 6 3
5 6 4
5 6 8
5 6 12
5 6 13
5 6 14
5 6 17
5 6 19
1 12
5 7 4
5 7 4
5 7 5
5 7 6
5 7 7
5 7 9
5 7 11
5 7 13
5 7 14
5 7 15
5 7 16
5 7 19
0 8
3 8 19
3 8 16
3 8 13
3 8 11
3 8 8
3 8 6
3 8 4
3 8 2
1 14
5 9 19
5 9 19
5 9 16
5 9 13
5 9 12
5 9 10
5 9 9
5 9 8
5 9 7
5 9 6
5 9 4
5 9 3
5 9 2
5 9 0
Wed Dec 11 14:51:45 2019
player
0 0
0
20 10
0 8
3 0 19
3 0 16
3 0 14
3 0 11
3 0 9
3 0 6
3 0 3
3 0 0
1 13
5 1 2
5 1 2
5 1 3
5 1 4
5 1 6
5 1 7
5 1 11
5 1 12
5 1 13
5 1 14
5 1 16
5 1 17
5 1 18
0 8
3 2 19
3 2 16
3 2 13
3 2 10
3 2 8
3 2 5
3 2 2
3 2 0
1 12
5 3 0
5 3 1
5 3 2
5 3 3
5 3 4
5 3 5
5 3 7
5 3 9
5 3 11
5 3 12
5 3 13
5 3 19
1 13
5 4 0
5 4 0
5 4 1
5 4 3
5 4 4
5 4 6
5 4 7
5 4 9
5 4 11
5 4 14
5 4 16
5 4 17
5 4 18
1 9
5 5 2
5 5 2
5 5 3
5 5 4
5 5 9
5 5 15
5 5 16
5 5 18
5 5 19
0 8
3 6 19
3 6 16
3 6 13
3 6 10
3 6 7
3 6 5
3 6 2
3 6 0
1 12
5 7 0
5 7 0
5 7 1
5 7 5
5 7 6
5 7 8
5 7 11
5 7 12
5 7 13
5 7 16
5 7 18
5 7 19
1 9
5 8 2
5 8 3
5 8 4
5 8 6
5 8 8
5 8 12
5 8 14
5 8 15
5 8 18
0 9
3 9 19
3 9 16
3 9 14
3 9 12
3 9 9
3 9 7
3 9 5
3 9 2
3 9 0
Wed Dec 11 14:51:49 2019
player
0 0
0
20 10
0 8
3 0 19
3 0 16
3 0 14
3 0 11
3 0 9
3 0 6
3 0 3
3 0 0
1 12
5 1 0
5 1 0
5 1 4
5 1 5
5 1 6
5 1 7
5 1 9
5 1 10
5 1 11
5 1 15
5 1 16
5 1 19
0 8
3 2 19
3 2 16
3 2 13
3 2 10
3 2 8
3 2 5
3 2 2
3 2 0
1 8
5 3 1
5 3 2
5 3 4
5 3 5
5 3 6
5 3 12
5 3 13
5 3 15
1 11
5 4 0
5 4 0
5 4 2
5 4 4
5 4 7
5 4 9
5 4 10
5 4 11
5 4 13
5 4 14
5 4 18
1 9
5 5 3
5 5 8
5 5 9
5 5 11
5 5 12
5 5 13
5 5 14
5 5 15
5 5 18
0 8
3 6 19
3 6 16
3 6 13
3 6 10
3 6 7
3 6 5
3 6 2
3 6 0
1 10
5 7 0
5 7 1
5 7 4
5 7 5
5 7 6
5 7 9
5 7 11
5 7 12
5 7 15
5 7 19
1 12
5 8 0
5 8 1
5 8 5
5 8 7
5 8 8
5 8 11
5 8 13
5 8 14
5 8 15
5 8 16
5 8 18
5 8 19
0 9
3 9 19
3 9 16
3 9 14
3 9 12
3 9 9
3 9 7
3 9 5
3 9 2
3 9 0
Wed Dec 11 14:52:10 2019
player
0 0
0
20 10
0 8
3 0 19
3 0 16
3 0 14
3 0 11
3 0 9
3 0 6
3 0 3
3 0 0
1 8
5 1 0
5 1 4
5 1 5
5 1 7
5 1 10
5 1 12
5 1 13
5 1 15
0 8
3 2 19
3 2 16
3 2 13
3 2 10
3 2 8
3 2 5
3 2 2
3 2 0
1 6
5 3 0
5 3 4
5 3 8
5 3 15
5 3 17
5 3 18
1 11
5 4 3
5 4 3
5 4 5
5 4 6
5 4 7
5 4 10
5 4 12
5 4 14
5 4 17
5 4 18
5 4 19
1 7
5 5 2
5 5 3
5 5 4
5 5 5
5 5 8
5 5 14
5 5 15
0 8
3 6 19
3 6 16
3 6 13
3 6 10
3 6 7
3 6 5
3 6 2
3 6 0
1 10
5 7 0
5 7 2
5 7 3
5 7 5
5 7 9
5 7 13
5 7 15
5 7 16
5 7 17
5 7 18
1 8
5 8 1
5 8 3
5 8 7
5 8 9
5 8 11
5 8 12
5 8 15
5 8 19
0 9
3 9 19
3 9 16
3 9 14
3 9 12
3 9 9
3 9 7
3 9 5
3 9 2
3 9 0
